*** Number of Objects ***
40
*** Weights ***
 2  3  5  8 13 16 19 20 24 28 31 34 35 41 42 43 45 47 49 51 53 54 55 61 62 63 65 67 69 71 72 74 75 77 80 81 83 84 86 87
*** Unit Profits ***
 1  2  3  5  7 10 12 13 13 15 16 17 19 21 21 23 24 24 25 27 28 37 39 41 41 43 44 46 25 27 28 31 32 33 35 36 38 39 41 44
*** Knapsack Capacity ***
800

*** Number of Objects ***
40
*** Weights ***
 2  3  5  8 13 16 19 20 24 28 31 34 35 41 42 43 45 47 49 51 53 54 55 61 62 63 65 67 69 71 72 74 75 77 80 81 83 84 86 87
*** Unit Profits ***
 1  2  3  5  7 10 12 13 13 15 16 17 19 21 21 23 24 24 25 27 28 37 39 41 41 43 44 46 25 27 28 31 32 33 35 36 38 39 41 44
*** Knapsack Capacity ***
800

*** Number of Objects ***
35
*** Weights ***
 2  3  5  8 13 16 19 20 24 28 31 34 35 41 42 43 45 47 49 51 53 54 55 61 62 63 65 67 69 71 72 74 75 77 80
*** Unit Profits ***
 1  2  3  5  7 10 12 13 13 15 16 17 19 21 21 23 24 24 25 27 28 37 39 41 41 43 44 46 25 27 28 31 32 33 35
*** Knapsack Capacity ***
675

*** Number of Objects ***
30
*** Weights ***
 2  3  5  8 13 16 19 20 24 28 31 34 35 41 42 43 45 47 49 51 53 54 55 61 62 63 65 67 69 71
*** Unit Profits ***
 1  2  3  5  7 10 12 13 13 15 16 17 19 21 21 23 24 24 25 27 28 37 39 41 41 43 44 46 25 27
*** Knapsack Capacity ***
600

*** Number of Objects ***
30
*** Weights ***
 2  3  5  8 13 16 19 20 24 28 31 34 35 41 42 43 45 47 49 51 53 54 55 61 62 63 65 67 69 71
*** Unit Profits ***
 1  2  3  5  7 10 12 13 13 15 16 17 19 21 21 23 24 24 25 27 28 37 39 41 41 43 44 46 25 27
*** Knapsack Capacity ***
600

*** Number of Objects ***
25
*** Weights ***
 2  3  5  8 13 16 19 20 24 28 31 34 35 41 42 43 45 47 49 51 53 54 55 61 62
*** Unit Profits ***
 1  2  3  5  7 10 12 13 13 15 16 17 19 21 21 23 24 24 25 27 28 37 39 41 41
*** Knapsack Capacity ***
525

*** Number of Objects ***
20
*** Weights ***
 2  3  5  8 13 16 19 20 24 28 31 34 35 41 42 43 45 47 49 51
*** Unit Profits ***
 1  2  3  5  7 10 12 13 13 15 16 17 19 21 21 23 24 24 25 27
*** Knapsack Capacity ***
400

*** Number of Objects ***
15
*** Weights ***
 2  3  5  8 13 16 19 20 24 28 31 34 35 41 42 
*** Unit Profits ***
 1  2  3  5  7 10 12 13 13 15 16 17 19 21 21
*** Knapsack Capacity ***
130

*** Number of Objects ***
10
*** Weights ***
 2  3  5  8 13 16 19 20 24 28
*** Unit Profits ***
 1  2  3  5  7 10 12 13 13 15
*** Knapsack Capacity ***
100

*** Number of Objects ***
6
*** Weights ***
2 3 5 8 13 16
*** Profits ***
1 2 3 5 7 10
*** Knapsack Capacity ***
30





