*** Number of Objects ***
60
*** Weights ***
 2 4 6 9 11 13 16 18 20 23 24 27 30 31 32 37 38 42 43 47 48 51 53 54 56 59 63 64 68 69 71 75 75 75 80 81 85 88 90 92 97 97 99 103 103 103 110 111 114 115 116 119 121 127 128 129 129 135 135 137
*** Unit Profits ***
 1 2 4 5 7 9 11 12 15 15 17 20 20 23 23 27 28 31 28 31 34 35 37 39 41 41 46 45 47 52 50 55 56 59 60 61 62 61 66 69 66 73 73 69 71 77 74 83 78 82 91 82 88 88 94 95 96 94 102 100
*** Capacity ***
2000

*** Number of Objects ***
60
*** Weights ***
 2 4 6 9 11 13 16 18 20 23 24 27 30 31 32 37 38 42 43 47 48 51 53 54 56 59 63 64 68 69 71 75 75 75 80 81 85 88 90 92 97 97 99 103 103 103 110 111 114 115 116 119 121 127 128 129 129 135 135 137
*** Unit Profits ***
 1 2 4 5 7 9 11 12 15 15 17 20 20 23 23 27 28 31 28 31 34 35 37 39 41 41 46 45 47 52 50 55 56 59 60 61 62 61 66 69 66 73 73 69 71 77 74 83 78 82 91 82 88 88 94 95 96 94 102 100
*** Capacity ***
2000

*** Number of Objects ***
50
*** Weights ***
 2 4 6 9 10 12 15 18 19 23 23 27 28 32 36 37 38 38 43 46 46 47 53 56 56 58 63 63 68 68 72 72 77 79 80 80 81 86 90 95 95 96 98 98 101 104 106 106 110 111
*** Unit Profits ***
 1 2 4 5 7 9 10 13 15 16 17 22 19 24 26 25 26 27 34 33 37 36 36 42 43 44 45 48 44 47 52 59 49 65 59 67 54 61 65 74 78 69 70 70 75 86 74 89 78 84
*** Capacity ***
1750

*** Number of Objects ***
40
*** Weights ***
 2  3  5  8 13 16 19 20 24 28 31 34 35 41 42 43 45 47 49 51 53 54 55 61 62 63 65 67 69 71 72 74 75 77 80 81 83 84 86 87
*** Unit Profits ***
 1  2  3  5  7 10 12 13 13 15 16 17 19 21 21 23 24 24 25 27 28 37 39 41 41 43 44 46 25 27 28 31 32 33 35 36 38 39 41 44
*** Knapsack Capacity ***
800

*** Number of Objects ***
35
*** Weights ***
 2  3  5  8 13 16 19 20 24 28 31 34 35 41 42 43 45 47 49 51 53 54 55 61 62 63 65 67 69 71 72 74 75 77 80
*** Unit Profits ***
 1  2  3  5  7 10 12 13 13 15 16 17 19 21 21 23 24 24 25 27 28 37 39 41 41 43 44 46 25 27 28 31 32 33 35
*** Knapsack Capacity ***
675

*** Number of Objects ***
30
*** Weights ***
 2  3  5  8 13 16 19 20 24 28 31 34 35 41 42 43 45 47 49 51 53 54 55 61 62 63 65 67 69 71
*** Unit Profits ***
 1  2  3  5  7 10 12 13 13 15 16 17 19 21 21 23 24 24 25 27 28 37 39 41 41 43 44 46 25 27
*** Knapsack Capacity ***
600

*** Number of Objects ***
25
*** Weights ***
 2  3  5  8 13 16 19 20 24 28 31 34 35 41 42 43 45 47 49 51 53 54 55 61 62
*** Unit Profits ***
 1  2  3  5  7 10 12 13 13 15 16 17 19 21 21 23 24 24 25 27 28 37 39 41 41
*** Knapsack Capacity ***
525

*** Number of Objects ***
20
*** Weights ***
 2  3  5  8 13 16 19 20 24 28 31 34 35 41 42 43 45 47 49 51
*** Unit Profits ***
 1  2  3  5  7 10 12 13 13 15 16 17 19 21 21 23 24 24 25 27
*** Knapsack Capacity ***
400

*** Number of Objects ***
15
*** Weights ***
 2  3  5  8 13 16 19 20 24 28 31 34 35 41 42 
*** Unit Profits ***
 1  2  3  5  7 10 12 13 13 15 16 17 19 21 21
*** Knapsack Capacity ***
130

*** Number of Objects ***
10
*** Weights ***
 2  3  5  8 13 16 19 20 24 28
*** Unit Profits ***
 1  2  3  5  7 10 12 13 13 15
*** Knapsack Capacity ***
100

*** Number of Objects ***
6
*** Weights ***
2 3 5 8 13 16
*** Profits ***
1 2 3 5 7 10
*** Knapsack Capacity ***
30

*** Number of Objects ***
4
*** Weights ***
2 3 5 8
*** Profits ***
1 2 3 5
*** Knapsack Capacity ***
14

*** Number of Objects ***
3
*** Weights ***
2 3 5
*** Profits ***
1 2 3
*** Knapsack Capacity ***
7



